m = 2.078827744358308
c = 53.083216054020845